0.442114 -0.001803 1.651444 23.851054 0.117562 6.358431 0.248527 81.063720
0.432224 0.071848 1.638962 23.660883 0.148836 5.785700 0.421968 80.197064
0.500068 -0.179359 1.690362 27.979942 0.183436 5.501432 0.486712 79.703378
0.414064 -0.165703 1.687289 24.036373 0.156054 6.232546 0.320314 80.887501
0.503412 -0.169410 1.693887 27.975116 0.352903 -0.343157 1.730296 26.208121
0.526212 0.022373 1.647877 27.775205 0.580614 -0.308454 1.722864 33.323385
0.364143 0.222787 1.605420 23.117114 0.355277 -0.059564 1.668225 19.810815
0.602978 -0.038346 1.662077 31.140193 0.495924 0.078301 1.636675 26.659753
0.491138 -0.058801 1.671965 26.319087 0.485419 -0.043351 1.668576 25.982338
0.148458 -0.041946 1.677805 8.769914 0.229209 -0.236573 1.715280 18.231834
0.448353 -0.362082 1.735339 29.954930 0.456989 -0.503008 1.766927 34.200036
0.418075 -0.821317 1.841202 42.663692 0.510178 -0.628323 1.795444 38.985479
0.576980 0.064421 1.645244 30.137981 0.533483 -0.114080 1.682867 28.614434
0.130199 -0.246141 1.725742 15.560138 0.475399 -0.121289 1.680973 26.133856
0.495803 -0.363508 1.737348 31.582522 0.495796 -0.340442 1.732323 31.023843
0.491367 -0.445920 1.757843 33.565872 0.464268 -0.344822 1.737271 30.041389
0.398902 0.037821 1.650416 21.835511 0.198960 4.656885 0.663601 77.891308
0.519976 0.105708 1.639229 27.950979 0.481191 0.008507 1.659922 25.699951
0.363276 0.188721 1.620487 22.262812 0.374057 0.055471 1.649196 20.714005
0.454896 -0.235567 1.718566 27.124760 0.558108 -0.377830 1.744796 33.978910
0.458924 0.002045 1.662654 24.651723 0.469322 -0.216261 1.711325 27.327746
0.538610 -0.257181 1.713068 30.831307 0.549307 -0.327667 1.729033 32.603472
0.680020 0.111641 1.632415 34.571652 0.685543 -0.080626 1.675079 34.616063
0.547882 -0.127237 1.685771 29.356126 0.576688 -0.088047 1.678765 30.258022
0.624546 -0.080517 1.676518 32.199236 0.639958 -0.183728 1.699714 33.656034
0.627176 0.231605 1.610403 33.765631 0.533434 0.069339 1.645548 28.276756
0.653176 -0.363226 1.735397 36.773605 0.680564 -0.523030 1.770921 40.640435
0.260854 -0.550094 1.784103 31.333423 0.229079 1.100880 1.425391 48.352845
0.423197 0.286160 1.597530 27.060905 0.427542 0.134917 1.631277 24.147839
0.283789 -0.004824 1.672508 15.845508 0.337269 -0.346306 1.743625 25.799249
0.680267 -0.465087 1.766028 39.490444 0.623566 -0.291440 1.728089 34.540038
0.520905 -0.147591 1.692943 28.431574 0.513724 -0.204873 1.705736 28.945617
0.590089 -0.053608 1.670091 30.647570 0.592579 -0.106961 1.682068 31.054441
0.675243 -0.426439 1.748807 38.611776 0.695187 -0.573999 1.781479 42.035667
0.594146 -0.373845 1.738174 35.067931 0.594059 -0.358278 1.734720 34.750431
0.608358 0.195054 1.610485 32.572983 0.594874 0.247357 1.599778 32.791748
0.634065 -0.403565 1.741626 36.928550 0.629067 -0.189365 1.694132 33.302941
0.602731 -0.207467 1.695105 32.514993 0.595594 -0.219818 1.697604 32.409991
0.569176 -0.149938 1.691578 30.480817 0.576545 -0.202909 1.703272 31.433660
0.534916 0.258519 1.600598 30.715006 0.516047 0.220222 1.608573 29.295561
0.622490 0.292289 1.592575 34.516170 0.580573 0.163483 1.620293 31.096328
0.569881 -0.315321 1.735039 33.076181 0.457590 -0.314989 1.733431 29.053215
0.482952 -0.214785 1.709048 27.859115 0.465504 -0.337659 1.736777 29.901986
0.588566 -0.463476 1.759857 36.838582 0.600669 -0.542329 1.777088 38.982320
0.588696 0.107254 1.640479 30.895717 0.596244 -0.192197 1.707222 32.065315
0.642599 0.187327 1.616226 33.796229 0.626594 0.096706 1.635335 32.375212
0.401474 -0.401484 1.760947 29.586901 0.381161 -0.560618 1.796451 34.134141
0.531918 -0.565391 1.776886 37.821308 0.516255 -0.489728 1.760525 35.435073
0.573967 -0.312604 1.720474 33.167585 0.544794 -0.473346 1.756293 35.818141
0.659239 -0.292777 1.719268 35.803994 0.654808 -0.299658 1.720630 35.758290
0.580599 -0.202991 1.703057 31.594054 0.347188 3.403414 0.932148 73.706059
0.540562 0.020653 1.660477 28.411456 0.527749 -0.011790 1.667291 27.828695
0.434348 -0.500055 1.774211 33.518680 0.362466 -0.713572 1.824210 38.672189
0.678606 -0.315069 1.723301 36.803128 0.389217 3.645015 0.875512 74.741192
0.503059 -0.236304 1.709871 29.065071 0.578934 -0.338667 1.729364 33.850398
0.488448 -0.175606 1.697032 27.431832 0.517646 -0.240947 1.711029 29.725282
0.587041 0.097661 1.639078 30.757246 0.489916 1.480852 1.342562 57.335553
0.474151 -0.161857 1.699833 26.611593 0.443266 -0.252009 1.718610 27.016829
0.399568 -0.686082 1.811744 38.447963 0.414597 -0.510425 1.775791 33.328514
0.499545 -0.167548 1.695488 27.784492 0.512865 -0.464666 1.762170 34.685484
0.450532 -0.070491 1.677136 24.513607 0.419810 -0.163983 1.696594 24.261123
0.449164 0.045339 1.648443 24.296608 0.454694 -0.149203 1.689447 25.573360
0.466952 0.343689 1.583541 30.105114 0.448988 -0.082137 1.678613 24.533813
0.334418 0.129331 1.624484 19.725535 0.386132 -0.048334 1.664019 21.263274
0.461373 0.155201 1.620869 25.955771 0.474418 0.192310 1.612912 27.108529
0.151225 -0.519672 1.772800 28.423490 0.166152 -0.424877 1.753577 24.522926
0.035511 -0.560519 1.790259 29.320424 0.085803 -0.735773 1.827450 36.529519
0.143735 -0.571399 1.778712 30.506582 0.235580 -0.118122 1.685905 14.763755
0.149478 0.053365 1.643749 9.018657 0.189626 0.005040 1.653016 10.740962
0.193340 -0.217548 1.705779 16.227382 0.137913 -0.390998 1.745909 22.519253
0.061816 -0.206914 1.706195 12.185905 0.055923 -0.198227 1.705547 11.638130
0.096651 -0.570458 1.787589 30.053169 0.142490 -0.237178 1.713686 15.466164
0.174758 0.680617 1.508186 35.095496 0.177536 0.326107 1.588834 20.370047
-0.127932 0.023706 1.654017 -7.413117 -0.105006 -0.218526 1.708977 -13.628139
-0.036115 0.106080 1.639870 -6.393835 -0.027261 -0.060076 1.677238 -3.774413
-0.006229 0.038892 1.657028 -2.255607 -0.013828 -0.196129 1.712647 -11.123374
-0.091647 -0.349741 1.737334 -19.877410 -0.089904 0.081769 1.642810 -6.929008
-0.356192 -0.343837 1.743233 -26.338711 -0.268566 -0.139729 1.703139 -16.843222
-0.246945 -0.003608 1.666195 -13.872796 -0.283258 -0.163978 1.702284 -18.123181
-0.176297 -0.045726 1.675348 -10.322189 -0.177100 -0.118987 1.691616 -12.044042
-0.209438 -0.322643 1.739937 -21.039678 -0.194429 -0.250499 1.724720 -17.593828
-0.221832 -0.011036 1.676684 -12.522485 -0.174769 -0.123627 1.702136 -12.083168
-0.095419 0.056101 1.656106 -6.316317 -0.150240 -0.136719 1.698745 -11.482580
-0.154680 0.149300 1.631429 -12.132802 -0.143904 0.048804 1.652332 -8.640270
-0.128752 0.056925 1.657120 -8.013110 -0.179563 -0.038353 1.677830 -10.404400
-0.243337 0.023833 1.668108 -13.739331 -0.179377 0.089145 1.653472 -11.326827
-0.226387 0.602459 1.537463 -32.764923 -0.230392 0.524496 1.553212 -29.806964
-0.186238 -0.303276 1.742796 -19.590343 -0.289050 -0.129513 1.699191 -17.575015
-0.412650 0.166733 1.630903 -23.991997 -0.461917 0.028178 1.661467 -24.833545
-0.303736 -0.554242 1.790680 -32.293421 -0.242901 0.123614 1.645119 -15.245441
-0.285587 -0.159313 1.706425 -18.108638 -0.261608 -0.025132 1.676980 -14.725063
-0.202904 0.620361 1.534447 -33.132510 -0.220387 0.676656 1.521802 -35.437244
-0.368482 0.045492 1.663329 -20.368921 -0.347779 0.081217 1.656972 -19.653511
-0.359816 0.333269 1.596756 -26.125376 -0.337070 0.142485 1.643077 -20.100025
-0.408190 0.466886 1.567542 -31.805667 -0.402506 0.549847 1.548838 -34.271554
-0.531441 -0.544213 1.791443 -37.258651 -0.520354 -0.259902 1.727406 -30.184444
-0.510561 -0.369036 1.759230 -32.209624 -0.509689 -0.368332 1.759150 -32.163696
-0.488027 -0.097446 1.692294 -26.457716 -0.486549 -0.092950 1.691343 -26.351418
-0.526087 -0.318269 1.743383 -31.586032 -0.533028 -0.548450 1.794452 -37.408681
-0.646473 -0.532117 1.795752 -39.939520 -0.690619 -0.407853 1.768464 -38.731655
-0.639657 -0.015694 1.683096 -32.613131 -0.632832 -0.042208 1.688403 -32.384411
-0.695838 -0.213372 1.728441 -36.047761 -0.695984 -0.217086 1.729260 -36.094075
-0.551138 0.348393 1.601625 -33.105190 -0.551138 0.348393 1.601625 -33.105190
-0.777115 -0.774874 1.849277 -47.659416 -0.778058 -0.906496 1.878312 -50.067685
-0.504831 0.361470 1.600168 -31.836066 -0.485726 0.308285 1.612281 -29.911813
-0.681945 -0.265794 1.739334 -36.200860 -0.681945 -0.265794 1.739334 -36.200860
-0.747460 -0.286557 1.747115 -38.677527 -0.740557 -0.249974 1.738953 -38.011478
-0.751960 -0.342137 1.757655 -39.561343 -0.743135 -0.188918 1.723128 -37.479968
-0.728127 -0.056538 1.689636 -36.141346 -0.752020 -0.110498 1.701979 -37.238272
-0.687140 0.040766 1.674260 -34.541491 -0.683997 0.058833 1.670140 -34.470483
-0.624909 0.104775 1.656162 -32.359652 -0.628906 -0.069568 1.696159 -32.323238
-0.612881 -0.196694 1.715743 -32.768174 -0.608638 -0.217686 1.720409 -32.878469
-0.448792 0.365684 1.596067 -30.067070 -0.440099 0.157122 1.641682 -25.046937
-0.577221 0.256440 1.617170 -32.277387 -0.613417 0.074005 1.658598 -31.710475
-0.684106 -0.122119 1.703942 -34.796218 -0.684106 -0.122119 1.703942 -34.796218
-0.665347 -0.007715 1.679265 -33.639452 -0.666243 -0.022058 1.682474 -33.687740
-0.576809 0.151366 1.642573 -30.809262 -0.618503 0.171626 1.638882 -32.695346
-0.671735 0.019249 1.669693 -33.901531 -0.672933 0.016405 1.670286 -33.945795
-0.573802 0.270931 1.617458 -32.397136 -0.553253 0.308062 1.609768 -32.343585
-0.462895 -0.221861 1.726647 -27.172194 -0.459505 -0.048114 1.687962 -24.797758
-0.551897 -0.043477 1.680042 -28.969196 -0.529222 0.015666 1.666748 -27.899173
-0.649366 0.191171 1.630179 -34.094932 -0.658700 0.112656 1.647677 -33.753387
-0.526812 0.023577 1.668467 -27.804435 -0.592131 -0.115786 1.700301 -31.104463
-0.733487 -0.089286 1.699273 -36.460748 -0.733956 -0.105024 1.702786 -36.554416
-0.648724 -0.010617 1.679648 -32.975956 -0.646773 0.000408 1.677214 -32.893707
-0.649984 -0.203004 1.723035 -34.252803 -0.650068 -0.210205 1.724658 -34.341240
-0.584006 0.192122 1.635082 -31.583006 -0.584006 0.192122 1.635082 -31.583006
-0.569037 0.188002 1.634415 -30.933817 -0.558573 0.110417 1.650448 -29.656401
-0.608300 0.106086 1.650747 -31.694566 -0.607636 0.110952 1.649742 -31.702923
-0.635753 0.221208 1.629215 -33.946012 -0.623110 0.253533 1.622502 -33.929312
-0.484057 0.020820 1.668943 -25.850414 -0.522569 -0.380855 1.760772 -32.887871
-0.571850 -0.215997 1.722777 -31.436752 -0.539893 -0.052799 1.686043 -28.478425
-0.625041 0.609171 1.541093 -41.114188 -0.626923 0.676938 1.526136 -42.696091
-0.609979 0.232834 1.628366 -33.140742 -0.613819 0.226744 1.630011 -33.199104
-0.656958 -0.020403 1.682279 -33.315925 -0.655697 -0.030984 1.684510 -33.282050
-0.620109 0.509878 1.559001 -38.757995 -0.620109 0.509878 1.559001 -38.757995
-0.553204 0.011050 1.672615 -28.956393 -0.556962 -0.017985 1.678614 -29.128832
-0.644064 -0.043630 1.686631 -32.843874 -0.647062 -0.229074 1.730809 -34.466249
-0.688148 -0.218070 1.726641 -35.824531 -0.639468 0.375538 1.594007 -36.560077
-0.691798 -0.258934 1.733817 -36.452107 -0.692365 -0.266050 1.735404 -36.565149
-0.698628 -0.414028 1.769544 -39.079917 -0.735625 -0.252339 1.733760 -37.872250
-0.462455 0.253813 1.623840 -27.812891 -0.504397 0.226852 1.632275 -28.945335
-0.767776 -0.459809 1.790036 -41.826395 -0.766230 -0.454861 1.788981 -41.703296
-0.657119 0.089307 1.658752 -33.550743 -0.656121 0.112751 1.653511 -33.653217
-0.669412 0.035149 1.666458 -33.835300 -0.655672 0.088832 1.653913 -33.491092
-0.696815 0.147492 1.647493 -35.460490 -0.681609 0.147421 1.647845 -34.890733
-0.553423 0.148724 1.646595 -29.815211 -0.542820 0.162623 1.643743 -29.538349
-0.716620 -0.263476 1.730217 -37.362501 -0.690005 -0.192119 1.715194 -35.612213
-0.726551 -0.540391 1.800815 -42.160296 -0.734131 -0.530434 1.798307 -42.167406
-0.659000 -0.204362 1.720545 -34.604118 -0.683447 -0.218492 1.723099 -35.660286
-0.714025 -0.371142 1.765075 -38.824416 -0.709695 -0.350337 1.760692 -38.360062
-0.575812 0.374389 1.595359 -34.482174 -0.622569 0.246060 1.624256 -33.799561
-0.554345 0.257678 1.620428 -31.437733 -0.572598 0.242993 1.624204 -31.882608
-0.646473 0.017198 1.676461 -32.890826 -0.664254 -0.033841 1.688140 -33.628499
-0.692987 -0.058709 1.691721 -34.817419 -0.697750 -0.108957 1.703087 -35.229972
-0.736218 0.228200 1.628639 -37.624095 -0.734002 0.249589 1.623899 -37.785596
-0.513016 -0.035693 1.685052 -27.214786 -0.474087 0.086036 1.659767 -25.726202
-0.479101 0.246478 1.625293 -28.315111 -0.410227 0.481914 1.573780 -32.328593
-0.742307 -0.727055 1.840097 -46.097196 -0.757262 -0.622457 1.817126 -44.428703
-0.561477 0.672408 1.528965 -41.218589 -0.571679 0.647237 1.534880 -40.812510
-0.676159 0.264885 1.619271 -35.986859 -0.684443 0.246898 1.623407 -36.040133
-0.761257 -0.362257 1.761825 -40.132757 -0.761365 -0.360428 1.761424 -40.109727
-0.750149 0.179424 1.641532 -37.643297 -0.750149 0.179424 1.641532 -37.643297
-0.687733 0.061887 1.661119 -34.625529 -0.679831 0.093120 1.653935 -34.457075
-0.725439 0.329467 1.606239 -38.546060 -0.729670 0.328577 1.606531 -38.668132
-0.599329 0.181222 1.641239 -32.051842 -0.614683 0.143286 1.649813 -32.258566
-0.671566 0.197461 1.633095 -34.991807 -0.656980 0.395245 1.589161 -37.477664
-0.693450 0.444393 1.582078 -39.475732 -0.693450 0.444393 1.582078 -39.475732
-0.618763 0.136726 1.648188 -32.361978 -0.593400 0.250961 1.623160 -32.793148
-0.773094 -0.058385 1.700096 -37.786261 -0.775291 -0.074864 1.703806 -37.914927
-0.537316 0.390187 1.591011 -33.585892 -0.530450 0.442363 1.579432 -34.632732
-0.483616 0.020589 1.673799 -25.829508 -0.507353 -0.095233 1.698987 -27.303391
-0.648658 0.041064 1.669480 -33.022120 -0.578542 0.162585 1.640577 -31.003876
-0.780426 -0.205990 1.728472 -38.908857 -0.427619 3.242995 0.986233 -73.001048
-0.554707 0.571351 1.547173 -38.531359 -0.560820 0.563460 1.548802 -38.484279
-0.530818 0.364780 1.590649 -32.784543 -0.512407 0.376485 1.587922 -32.450114
-0.688935 -0.036932 1.686504 -34.602745 -0.696843 -0.050671 1.689333 -34.941339
