0.172373 0.198459 1.982645 14.727935 0.169652 0.002060 2.021980 9.629343
0.478826 0.403383 1.908485 32.050387 0.176912 4.815413 0.979666 78.276022
0.256062 0.143801 1.995218 16.366297 0.273809 -0.052748 2.035316 15.580794
0.118206 -0.113102 2.049318 9.291223 0.151593 -0.149880 2.052838 12.034006
0.127299 -0.071972 2.046696 8.319764 0.151182 -0.299311 2.091775 18.537596
0.161666 -0.083635 2.047988 10.315968 0.186577 -0.167906 2.062586 14.090440
0.201707 -0.013900 2.029445 11.430262 0.215771 -0.376030 2.104515 23.438569
0.371634 0.266503 1.941187 24.575264 0.128863 0.280158 1.961201 17.138353
0.324977 0.088877 2.002439 18.619243 0.418176 -0.472119 2.120573 32.239135
0.050173 -0.166023 2.069536 9.839409 0.218021 -0.135032 2.056915 14.383534
0.051002 -0.088826 2.055914 5.848214 0.176146 0.019272 2.026199 10.048333
0.014367 -0.000349 2.033546 0.823356 0.151804 0.011640 2.022251 8.656776
0.206180 -0.484609 2.131557 27.773363 0.186365 -0.112516 2.051618 12.281486
0.266130 0.237678 1.972231 19.637090 0.203522 -0.119767 2.045442 13.286810
0.154975 -0.005877 2.028390 8.815557 0.272931 -0.174496 2.058390 17.949443
0.085005 -0.449389 2.121718 24.577374 0.198884 -0.247746 2.073150 17.625045
-0.001997 -0.034806 2.035584 -1.996723 0.099184 0.057597 2.010806 6.542966
0.246212 -0.257939 2.079174 19.625484 0.321174 -0.512724 2.132309 31.174405
0.280243 0.146322 1.991818 17.543963 0.262643 0.045346 2.014115 14.924058
0.043895 -0.289684 2.100437 16.330110 0.159117 -0.096112 2.051017 10.530605
0.037098 -0.088094 2.046783 5.460134 0.237781 -0.116431 2.045332 14.829172
0.264198 0.036233 2.019701 14.931640 0.315946 -0.272215 2.082257 22.638089
0.256708 -0.644891 2.178727 34.764758 0.325508 -0.353742 2.109165 25.674360
0.206738 -0.347774 2.104843 22.027428 0.205657 -0.209404 2.076406 16.357194
0.182378 0.102926 2.009570 11.827786 0.184894 -0.245065 2.085727 17.065913
0.066733 -0.138413 2.057466 8.735768 0.224395 0.021234 2.018644 12.702032
0.216858 -0.450584 2.136005 26.567492 0.243245 -0.416373 2.130972 25.744233
0.096876 -0.198424 2.069894 12.451645 0.187384 0.055709 2.013436 11.061228
0.037559 -0.159376 2.058359 9.299214 0.216337 0.046928 2.010965 12.482187
0.148651 -0.109710 2.051961 10.467481 0.208911 -0.141919 2.055326 14.174041
0.274813 -0.171514 2.061467 17.949382 0.248274 -0.030723 2.031291 14.045292
0.012264 -0.134306 2.059150 7.680844 0.105258 2.859374 1.403529 70.735983
0.247992 0.224391 1.979311 18.492093 0.290894 -0.018189 2.027263 16.249383
0.049763 0.052624 2.015574 4.142542 0.312441 -0.102751 2.038977 18.206192
0.212796 0.199745 1.984085 16.270199 0.195776 0.044675 2.018958 11.354482
0.363787 -0.652147 2.164952 36.750580 0.327946 -0.680312 2.170978 37.061235
0.531147 -0.758710 2.176987 42.804390 0.461555 -0.523970 2.132139 34.925364
0.105961 0.114103 2.005123 8.850745 0.144452 -0.046654 2.039160 8.631576
0.167709 -0.716098 2.202508 36.333549 0.312508 -0.418215 2.123864 27.568040
0.281043 0.235225 1.976138 20.127455 0.265349 0.057281 2.018184 15.187567
0.247178 -0.263217 2.092715 19.853738 0.301768 -0.923381 2.239600 44.170033
0.173352 -0.877472 2.223885 41.810452 0.257107 -0.702024 2.181461 36.782667
0.258581 -0.376975 2.112134 24.566904 0.258060 -0.142703 2.059440 16.430154
0.144483 -0.346228 2.094797 20.564338 0.222356 -0.090367 2.037854 13.496698
0.114917 -0.447562 2.131601 24.800687 0.216992 -0.308037 2.094637 20.646012
0.310791 -0.260312 2.085466 22.067868 0.282194 -0.269025 2.089596 21.299910
0.016306 0.024509 2.025598 1.686184 0.157149 0.164860 1.991574 12.830827
0.181401 -0.021413 2.031402 10.351571 0.168757 -0.078241 2.045217 10.537312
0.267706 -0.055096 2.041289 15.286565 0.220025 -0.109794 2.048336 13.814825
0.052212 -0.691313 2.186655 34.732872 0.185345 -0.429821 2.122319 25.083359
0.280436 -0.013558 2.027297 15.682781 0.294515 -0.032383 2.029984 16.504037
0.221655 -0.528899 2.143961 29.832888 0.231217 -0.661544 2.172218 35.022256
0.067388 0.042516 2.023576 4.555682 0.170039 0.273813 1.965253 17.864929
0.220057 0.406069 1.934304 24.790461 0.170229 0.134770 1.985653 12.249895
0.208994 0.273897 1.970513 19.010135 0.165563 -0.052746 2.039803 9.857402
0.251539 -0.250252 2.080892 19.535779 0.215123 -0.096834 2.048146 13.274080
0.010992 -0.922334 2.253243 42.688435 0.201606 -0.354369 2.111273 22.180885
0.191702 0.152258 1.996357 13.756050 0.170005 -0.098265 2.054464 11.109311
0.287094 -0.397106 2.116231 26.105600 0.267884 -0.326975 2.101864 22.913754
0.596426 -0.180660 2.076404 31.930604 0.467109 -0.725916 2.198413 40.801342
0.183353 -0.148749 2.066171 13.284390 0.168985 -0.134504 2.062570 12.187543
0.383984 -0.695462 2.181349 38.464509 0.461430 -1.050279 2.260539 48.921050
0.374645 -0.068492 2.044464 20.849547 0.349252 -0.567466 2.156686 33.676675
0.253080 0.096552 2.008577 15.156148 0.251582 0.158296 1.995813 16.554013
0.468105 -0.499682 2.139394 34.399174 0.436684 -0.605097 2.163828 36.730826
0.274447 -0.215084 2.082474 19.222971 0.315843 -0.155087 2.068086 19.385174
0.074377 0.333365 1.954439 18.858192 0.103791 0.097232 2.005048 8.094353
0.248342 0.072565 2.014168 14.505870 0.280878 -0.235440 2.079869 20.128057
0.354417 -0.262204 2.080434 23.791021 0.286308 -0.086273 2.045388 16.647938
0.140258 -0.156565 2.073606 11.870883 0.108244 0.009960 2.036709 6.203752
0.246876 0.106468 2.001650 15.048409 0.200812 0.107277 1.999451 12.825947
0.364096 0.092286 2.004121 20.586667 0.364129 0.096220 2.003235 20.637731
0.303779 0.174034 1.998922 19.295127 0.331416 -0.311693 2.104604 24.463645
0.242650 -0.331149 2.096082 22.319855 0.228515 -0.217798 2.073651 17.519957
0.180267 -0.369689 2.112987 22.357278 0.220511 -0.564725 2.154802 31.226330
0.264489 -0.195186 2.067876 18.196347 0.253756 -0.354727 2.109692 23.564225
0.129747 -0.716958 2.195675 36.077199 0.197711 -0.381023 2.117256 23.232129
-0.112185 -0.455512 2.129768 -25.132359 0.140791 -0.167446 2.059555 12.340158
0.147576 -0.166666 2.073109 12.550114 0.205752 -0.211221 2.078723 16.429207
0.310928 -0.472246 2.128251 29.484406 0.248345 -0.214828 2.076095 18.178555
0.172296 0.359929 1.945398 21.754085 0.100348 0.173325 1.982472 11.325254
0.249411 -0.172701 2.062485 16.876039 0.218337 3.935438 1.163121 75.763805
0.288663 -0.233009 2.078331 20.353393 0.289383 -0.238185 2.079453 20.545987
0.489308 -0.417310 2.122933 32.744842 0.296219 -0.095656 2.058152 17.290366
0.270237 0.128142 2.002176 16.650831 0.322742 0.007286 2.028709 17.891342
0.499074 -0.814016 2.206660 43.676264 0.490461 -0.696690 2.184975 40.431490
0.292024 -0.285523 2.097654 22.215760 0.300964 -0.437722 2.133803 27.977508
0.185958 0.028132 2.028224 10.651419 0.239065 -0.584549 2.169498 32.274284
0.393320 -0.670866 2.173495 37.870919 0.331710 -0.516521 2.142630 31.544154
0.313215 -0.510949 2.139896 30.934697 0.294257 -0.272820 2.087708 21.864147
-0.036343 0.037673 2.017788 -2.996475 0.177264 0.097019 2.001530 11.424334
0.248007 -0.164237 2.063888 16.565517 0.232983 -0.221742 2.076335 17.829738
0.187020 -0.192871 2.071570 15.037726 0.179671 -0.206686 2.074382 15.315636
0.307761 0.041762 2.020457 17.253854 0.310558 0.039297 2.020986 17.381931
0.146082 -0.270797 2.093400 17.102428 0.167258 -0.165611 2.068670 13.245013
0.201776 -0.017314 2.030462 11.448536 0.189663 0.590924 1.886881 31.824382
0.003866 -0.160140 2.061099 9.100724 0.181689 -0.062453 2.037065 10.875349
0.158392 -0.240333 2.086659 16.057605 0.181863 0.121745 2.006315 12.344607
0.334271 -0.371089 2.108802 26.539540 0.224014 4.333761 1.084148 77.023359
0.357700 -0.351209 2.100190 26.624395 0.360538 -0.520990 2.138557 32.357335
0.226319 0.125603 2.003480 14.511742 0.252617 0.234560 1.979280 19.020234
0.321793 0.100414 2.002291 18.628743 0.326303 -0.045466 2.031468 18.234735
0.145823 -0.584554 2.150250 31.067611 0.165363 -0.321035 2.093935 19.855729
0.172395 -0.223561 2.081139 15.764968 0.202760 0.009727 2.028686 11.474762
0.254635 0.120420 2.007385 15.731089 0.235391 0.021731 2.026806 13.300131
0.231130 -0.080962 2.045142 13.760881 0.204098 -0.298079 2.095864 19.862631
0.332785 -1.136402 2.282134 49.818754 0.327247 -0.606511 2.163134 34.573192
0.329703 -0.126366 2.059413 19.447630 0.384170 -0.174493 2.070477 22.876864
0.315392 -0.046133 2.032307 17.679584 0.203269 5.995777 0.718759 80.536472
0.330996 -0.505940 2.134448 31.156918 0.259764 -0.555020 2.149637 31.499973
0.124321 0.257290 1.974235 15.947351 0.090063 0.311410 1.960383 17.961234
0.226827 -0.025564 2.032181 12.858237 0.188022 0.146789 1.996337 13.416372
0.239944 0.180922 1.984352 16.726011 0.189025 0.064811 2.014755 11.300408
0.211070 -0.288157 2.098613 19.656247 0.197232 0.004089 2.036674 11.159671
0.262834 0.067557 2.011333 15.183104 0.255617 0.126850 1.999184 15.926687
0.011910 0.045098 2.039958 2.670581 0.108152 0.144943 2.007374 10.250933
0.216679 0.067206 2.013369 12.781907 0.213134 0.166316 1.985103 15.128067
0.196088 -0.208264 2.073071 15.963151 0.243275 -0.125535 2.053653 15.309894
0.153052 -0.091263 2.056347 10.103834 0.557498 6.395316 0.456636 81.145983
0.118408 0.192162 1.994923 12.719296 0.204398 -0.002419 2.029086 11.552787
0.280196 -0.078875 2.053771 16.229560 0.364997 -0.440381 2.142479 29.768599
0.156622 0.702742 1.868597 35.753272 0.190567 0.293112 1.959252 19.270383
0.150159 0.152534 1.997832 12.081446 0.080530 0.028684 2.025115 4.886087
0.242395 -0.125927 2.057045 15.277868 0.188791 -0.245251 2.083073 17.197284
0.191631 0.089642 2.012110 11.945405 0.230948 -0.277516 2.091419 19.851750
0.215296 -0.472457 2.141354 27.438304 0.232215 -0.432412 2.130450 26.142691
0.264707 -0.288179 2.087216 21.370486 0.220767 -0.103368 2.048806 13.699697
0.204782 0.118072 2.006584 13.299590 0.212904 0.051414 2.018667 12.354049
0.544656 -0.483853 2.132898 36.074671 0.356649 -0.350385 2.111871 26.563599
0.239615 0.197707 1.984965 17.257418 0.249574 -0.048753 2.037895 14.267420
0.143612 0.019324 2.030745 8.245100 0.217550 0.036150 2.021300 12.436524
0.288832 -0.499915 2.137222 30.000191 0.287722 -0.235998 2.079459 20.411630
0.022312 0.000171 2.033612 1.278184 0.078489 0.031605 2.024488 4.836486
0.342625 -0.563424 2.141163 33.401780 0.226018 -0.364544 2.108453 23.215661
0.238024 0.165207 1.990237 16.158397 0.239267 0.102785 2.000703 14.596210
0.257947 -0.032538 2.031428 14.573718 0.268493 -0.058616 2.037670 15.366493
0.280958 -0.090379 2.053756 16.443259 0.186750 5.309337 0.873653 79.339888
0.874361 -1.061595 2.261760 53.978874 0.442685 -0.460117 2.145178 32.558090
0.652932 -1.153521 2.275422 52.967772 0.374492 -0.632223 2.171657 36.308929
0.211050 -1.011932 2.261160 45.949515 0.249130 -0.739043 2.196991 37.950810
0.204789 0.210626 1.981845 16.371290 0.163290 5.360413 0.860820 79.437572
0.011523 -0.079749 2.063028 4.606764 0.124703 -0.025665 2.039206 7.255653
-0.043188 -0.086261 2.043167 -5.510193 0.217834 0.309076 1.951377 20.712940
0.246896 0.111245 1.999788 15.152355 0.189534 7.024257 0.494708 81.900509
0.199017 0.440459 1.932860 25.796066 0.143097 0.282828 1.973154 17.586907
0.266067 -0.037570 2.033453 15.040492 0.238969 -0.228443 2.076800 18.293597
0.250899 0.236607 1.979467 19.027625 0.206415 6.799430 0.546745 81.637220
0.419869 -0.216756 2.072941 25.291564 0.278502 -0.135886 2.061149 17.217382
0.242744 0.148628 1.996728 15.887992 0.274729 -0.063008 2.044073 15.741091
0.159942 -0.829492 2.227084 40.190173 0.226231 -0.438075 2.132815 26.245223
0.199247 0.338533 1.950268 21.445656 0.178069 0.277992 1.964859 18.269797
0.235155 -0.629232 2.162803 33.890732 0.219249 -0.216868 2.075387 17.139007
