0.004724 -0.031550 1.620230 1.827230 0.036064 0.278621 1.553385 15.692478
-0.005991 0.117830 1.585301 -6.728797 0.003362 0.555683 1.489102 29.060609
0.000055 0.134706 1.580101 7.671931 -0.016436 0.250283 1.557214 -14.080545
-0.097524 -0.265545 1.668528 -15.795525 -0.042325 0.021709 1.606642 -2.723361
0.051698 0.391336 1.524631 21.540919 0.010926 0.228629 1.559397 12.892350
0.021275 0.148004 1.579094 8.504151 -0.093230 0.331131 1.540503 -18.983464
0.078737 0.256145 1.553673 15.001305 -0.060583 0.049890 1.604936 -4.487467
0.051991 0.892040 1.416759 41.782496 0.076701 0.738404 1.449450 36.589359
0.002972 0.005613 1.608109 0.363899 0.029528 0.345964 1.534147 19.148123
0.092674 0.250150 1.553724 14.936675 0.021068 0.188630 1.571220 10.747047
-0.076831 0.018532 1.613054 -4.518951 -0.035611 0.375060 1.535316 -20.643748
-0.008808 0.517111 1.498636 -27.347361 -0.000386 0.302963 1.545164 -16.854882
0.000741 0.074722 1.592753 4.273549 0.002739 0.297218 1.544639 16.553559
-0.028912 0.265171 1.553368 -14.935493 -0.077924 0.170015 1.577471 -10.593207
0.031253 -0.116832 1.639263 6.895845 0.052739 -0.009326 1.614486 3.065658
-0.124802 0.413305 1.524436 -23.351643 -0.060284 0.272159 1.553790 -15.576116
-0.044661 -0.345144 1.688259 -19.188979 -0.071831 0.020320 1.606917 -4.269197
-0.013118 0.710500 1.460702 -35.398423 -0.011841 0.282969 1.553569 -15.813009
0.106347 0.880252 1.415029 41.561897 0.061438 0.776026 1.437232 37.899125
0.012039 -0.589142 1.748525 30.509349 -0.022415 -0.076666 1.635422 -4.566828
0.128653 0.661900 1.463892 33.991295 0.087510 0.631422 1.470689 32.515785
0.003880 -0.009386 1.610968 0.581896 -0.007255 0.171539 1.571850 -9.742236
0.015326 -0.038089 1.619173 2.351033 0.012184 0.263798 1.554209 14.792894
0.061953 0.158910 1.580753 9.679179 0.095338 0.523498 1.498172 28.017820
0.028942 -0.123699 1.645530 7.240047 -0.030131 -0.010373 1.618740 -1.825202
0.018327 -0.219623 1.663923 12.428508 -0.004368 0.204984 1.569498 -11.586816
0.090897 0.503431 1.502737 27.092984 0.066293 0.409293 1.522623 22.520203
0.158479 0.680765 1.458905 34.952336 0.041959 0.403917 1.523304 22.101611
-0.035168 0.257826 1.556509 -14.585697 -0.041094 0.338110 1.537305 -18.808736
-0.088085 0.308591 1.551477 -17.792290 -0.096465 0.299767 1.551761 -17.479496
-0.075357 0.385623 1.530149 -21.450689 -0.044037 0.205922 1.567754 -11.891497
0.004793 0.084340 1.586172 4.828674 0.086260 0.434010 1.512839 23.869322
0.022761 0.000301 1.615482 1.303976 0.056889 0.477996 1.508805 25.704739
0.030714 0.636940 1.472342 32.524840 -0.005166 0.560673 1.490982 -29.279211
0.124692 0.426391 1.516295 23.953156 0.089228 0.392709 1.523975 21.935558
0.060170 0.235581 1.562448 13.665942 0.047522 0.356150 1.535693 19.763693
0.068583 0.149883 1.576975 9.359842 -0.007985 0.301531 1.548492 -16.785257
0.196417 0.771631 1.439504 38.528130 0.082597 0.368500 1.528498 20.688695
0.067246 0.561795 1.486045 29.501393 0.021476 0.525619 1.495881 27.746947
0.029174 0.189689 1.574395 10.864065 0.004463 -0.012908 1.618881 0.782496
0.125795 0.540576 1.491401 29.031144 0.091640 0.198504 1.568120 12.332862
0.016961 0.111840 1.584370 6.453814 0.002812 0.314240 1.541100 17.445455
0.001353 -0.000897 1.614141 0.093010 -0.012012 0.103671 1.590568 -5.958096
0.081586 1.134273 1.361991 48.673221 0.025285 0.648621 1.470091 32.988157
0.026696 0.214415 1.570146 12.192515 -0.000903 0.057676 1.603392 -3.301337
-0.010814 -0.116100 1.643771 -6.650787 -0.079515 0.300156 1.552864 -17.250070
-0.026653 0.424747 1.518122 -23.053775 -0.096872 0.387624 1.530452 -21.778955
0.003784 -0.013363 1.616989 0.795687 -0.013067 0.124104 1.587574 -7.113186
0.024272 0.247649 1.559307 13.973410 0.041133 0.469825 1.510137 25.249611
-0.083304 0.261046 1.561534 -15.323815 -0.037975 0.298007 1.552414 -16.721132
0.012848 0.145834 1.580305 8.328853 -0.058789 0.238019 1.560973 -13.775583
-0.001236 0.339935 1.541366 -18.774819 0.051802 0.398749 1.523594 21.905024
0.007168 0.039724 1.604848 2.311545 0.013526 0.451048 1.515652 24.287317
0.109406 0.843621 1.427155 40.387339 0.011439 0.475668 1.510488 25.445376
-0.002488 0.174004 1.574434 -9.871831 -0.020158 0.520485 1.499979 -27.513912
0.008601 0.751855 1.453403 36.939652 0.035358 0.504873 1.506001 26.844432
0.007108 -0.106855 1.639240 6.112558 -0.054855 0.174527 1.576122 -10.367335
-0.050626 0.433619 1.518885 -23.584362 -0.077643 0.236225 1.562177 -13.963838
-0.069336 0.057899 1.605645 -5.161586 -0.013800 0.057672 1.604684 -3.393664
0.055405 0.608088 1.477865 31.408515 0.009218 0.534340 1.494214 28.120896
-0.007081 -0.256545 1.671916 -14.393892 -0.019294 0.323770 1.543631 -17.970180
-0.047433 0.337006 1.541130 -18.794864 -0.055786 0.027562 1.607299 -3.560542
-0.010133 0.171188 1.574630 -9.730844 -0.030090 0.247767 1.559194 -14.013997
-0.005329 0.347172 1.540040 -19.147680 0.024685 0.380127 1.532594 20.853221
-0.121958 -0.129526 1.642887 -10.087754 -0.042442 0.195594 1.573139 -11.317953
0.128733 0.669298 1.462213 34.276988 -0.073406 0.237296 1.564244 -13.949421
0.212760 0.528153 1.494923 29.657039 0.078563 0.392177 1.528516 21.799841
0.039599 0.475868 1.506313 25.525083 0.043869 0.465601 1.508904 25.063759
0.070854 0.578151 1.486803 30.219788 0.053993 0.214490 1.565493 12.471954
-0.007082 0.051807 1.604354 -2.993229 -0.003719 0.370097 1.531973 -20.310318
0.009107 0.459996 1.514657 24.706490 0.013549 0.252096 1.558019 14.168794
0.098931 0.316377 1.540474 18.339549 0.015477 0.328496 1.543411 18.204001
0.124254 0.796354 1.439077 38.868457 0.037585 0.675743 1.467828 34.089644
0.093139 0.878670 1.418608 41.463579 0.025586 0.855799 1.427374 40.569513
0.102341 0.702216 1.457273 35.360829 0.044453 0.360369 1.532345 19.955999
0.006333 0.021266 1.606122 1.271143 0.036448 0.253031 1.555208 14.340115
0.136613 0.156095 1.579959 11.718879 -0.014297 0.272324 1.555131 -15.253602
0.002932 0.255373 1.558067 14.326504 0.054447 0.493084 1.504410 26.385142
0.039102 0.392399 1.528863 21.521403 0.015376 0.218905 1.566979 12.377025
0.001906 -0.031975 1.623362 1.834668 0.046544 -0.218860 1.660390 12.612467
-0.061218 -0.159893 1.646245 -9.715505 0.044887 0.137820 1.583580 8.247305
0.016396 0.474155 1.507740 25.381463 -0.061534 0.361755 1.536507 -20.150667
0.225392 0.444001 1.514658 26.470271 0.158281 0.296239 1.548589 18.565815
-0.016558 -0.190564 1.658475 -10.828866 -0.003502 0.171026 1.578343 -9.707168
0.024177 -0.055192 1.625614 3.448199 0.066588 0.241376 1.557365 14.057374
0.060463 0.627019 1.474643 32.207948 0.033919 0.442763 1.514309 23.944111
0.037101 0.370229 1.533839 20.409382 0.037535 0.509650 1.503220 27.068407
0.051433 -0.267319 1.675045 15.228154 0.050457 0.313576 1.544199 17.620366
-0.018602 0.001163 1.611960 -1.067796 0.003512 0.312613 1.544001 17.360948
0.079102 0.345026 1.538743 19.492823 0.019722 0.230990 1.566478 13.052320
0.085514 0.565315 1.496640 29.758583 0.035524 0.246480 1.566238 13.983749
0.000194 0.022235 1.610742 1.273837 -0.008255 0.438510 1.518057 -23.681661
0.204680 0.310619 1.537959 20.404810 0.145486 0.404744 1.519578 23.272427
0.020871 0.596686 1.482295 30.839343 0.007231 0.533424 1.495714 28.078721
0.113886 1.023236 1.389225 45.834282 0.082576 0.474575 1.510544 25.720379
0.055095 0.492901 1.504112 26.380047 0.052821 0.439504 1.515298 23.877369
-0.004045 0.037788 1.608451 -2.176437 0.006688 -0.002411 1.616990 0.407334
0.003182 0.023425 1.609811 1.354219 -0.027203 0.242404 1.561172 -13.708187
0.153507 0.410103 1.522008 23.648198 0.062585 0.422769 1.519880 23.140715
-0.099242 -0.111863 1.639791 -8.505000 -0.018904 0.123359 1.589503 -7.113667
0.082065 0.584387 1.478868 30.545759 0.061623 0.514536 1.495054 27.393775
0.011798 0.360709 1.534473 19.844632 0.042179 0.382330 1.530185 21.039210
-0.015928 0.168046 1.577975 -9.581146 -0.002658 0.287828 1.550126 -16.057942
0.066901 0.160063 1.579342 9.841823 0.070205 0.504165 1.502768 26.977448
-0.004186 0.251857 1.560700 -14.138202 0.021492 0.524331 1.503102 27.689193
-0.024424 0.311866 1.545585 -17.370767 0.016810 0.291884 1.550026 16.297218
0.051715 0.654607 1.471200 33.290770 0.044335 0.370801 1.530917 20.477742
0.122166 0.425842 1.517970 23.894273 0.076002 0.512088 1.500626 27.370460
0.024264 0.443080 1.515985 23.928944 -0.001175 0.292606 1.549077 -16.309897
-0.109426 0.089406 1.602720 -8.043009 -0.068785 0.384933 1.533196 -21.356996
0.002042 0.036260 1.601373 2.079917 -0.012915 0.264154 1.552121 -14.813820
-0.020407 -0.191683 1.657593 -10.910879 0.057764 0.541793 1.496403 28.584361
-0.015065 0.631343 1.477677 -32.273346 0.019615 0.465092 1.512682 24.962246
0.201051 0.654167 1.465319 34.386373 0.129299 0.711578 1.455586 35.875584
0.097052 0.567280 1.482402 29.921381 0.002037 0.404941 1.522751 22.045312
0.088098 0.267016 1.554151 15.704605 0.101025 0.514497 1.499378 27.669017
0.039629 0.654024 1.467706 33.233743 0.015841 0.322940 1.538228 17.917500
0.120556 0.245829 1.558457 15.312251 0.087233 0.226122 1.563316 13.623797
-0.008590 0.071341 1.596006 -4.109982 -0.002515 0.285237 1.549318 -15.920706
0.004128 0.082950 1.596606 4.747683 0.015196 0.313661 1.545628 17.433818
0.189765 0.395007 1.523507 23.664248 0.098076 0.456687 1.513363 25.037267
0.030574 0.409548 1.521063 22.327375 0.072692 0.398279 1.526882 22.040951
0.044302 0.440253 1.519002 23.868256 0.041044 0.504294 1.501990 26.837651
-0.028575 -0.182491 1.655772 -10.465433 -0.020748 0.060877 1.600346 -3.679976
-0.085551 0.301413 1.549469 -17.396741 -0.062976 0.234993 1.563531 -13.673569
-0.001392 0.002405 1.617395 -0.159202 -0.022030 0.199606 1.570878 -11.354989
-0.118027 -0.209610 1.656905 -13.525791 -0.023515 0.193238 1.571708 -11.015623
0.116454 0.714047 1.457838 35.885024 0.027887 0.328234 1.544190 18.232729
0.043993 0.378641 1.531114 20.866248 0.044975 0.480613 1.509680 25.767186
-0.057467 0.220539 1.569885 -12.838614 -0.056622 0.184672 1.575528 -10.932478
0.099407 0.339473 1.537625 19.480129 0.058981 0.269399 1.553434 15.417787
0.028607 0.019672 1.614392 1.988397 -0.058842 0.346750 1.541683 -19.377146
0.007079 0.077325 1.599548 4.440038 0.003110 0.296821 1.551244 16.532854
0.037849 0.072039 1.599714 4.652276 0.054562 0.274879 1.555805 15.655092
-0.001832 0.054603 1.603758 -3.127201 0.013124 0.311632 1.545935 17.323127
0.093058 0.051110 1.603779 6.060363 0.095366 0.150939 1.578635 10.123023
0.014508 0.804121 1.440650 38.808034 -0.030974 0.426799 1.522576 -23.167132
