0.561338 -0.064088 1.659348 29.465770 0.559135 -0.005384 1.646781 29.212208
0.535613 -0.162428 1.692205 29.235745 0.540850 -0.176749 1.695225 29.639792
0.488007 -0.013127 1.655733 26.020846 0.301820 3.187668 0.975227 72.655784
0.515524 0.542129 1.529662 36.800527 0.546467 0.177761 1.611376 29.883933
0.531365 0.110650 1.631811 28.491503 0.203980 5.649842 0.441001 79.969225
0.636555 -0.173396 1.690704 33.414794 0.503631 -0.040957 1.660779 26.807187
0.631538 0.013473 1.648028 32.279845 0.589993 -0.170129 1.687879 31.551275
0.537587 0.510796 1.531727 36.559179 0.537197 0.509683 1.531958 36.520377
0.554019 0.106512 1.627192 29.430171 0.588493 -0.046626 1.660815 30.554925
0.595016 0.339770 1.579568 34.418637 0.220570 5.683999 0.431465 80.029278
0.528310 0.262230 1.590093 30.532531 0.199081 5.539076 0.462242 79.772772
0.497708 0.115692 1.624684 27.066017 0.512658 -0.233038 1.701495 29.385535
0.644266 -0.090259 1.672482 33.046335 0.178543 6.510112 0.255276 81.270445
0.672653 0.178712 1.607622 34.837463 0.336139 4.322134 0.722293 77.010746
0.531607 0.033950 1.645468 28.043800 0.258074 4.316161 0.726362 76.977910
0.552750 -0.211544 1.699184 30.619072 0.223232 5.179878 0.550513 79.083091
0.602718 0.032686 1.642500 31.115333 0.630960 -0.326498 1.721183 35.391132
0.616280 -0.117683 1.678067 32.104817 0.578815 -0.188657 1.692999 31.332395
0.559889 0.037705 1.646985 29.299279 0.168446 6.534648 0.250752 81.302346
0.444503 -0.077745 1.668795 24.287298 0.447051 -0.080325 1.669352 24.428042
0.454003 -0.041571 1.658258 24.508353 0.181478 5.402931 0.491800 79.519868
0.639594 0.218153 1.601901 34.049835 0.655873 0.089635 1.629993 33.503334
0.656204 -0.163670 1.693804 34.070763 0.235081 5.309550 0.514413 79.344064
0.659941 0.402434 1.560202 37.702767 0.641851 0.392884 1.562383 36.963267
0.568723 0.135921 1.625084 30.316505 0.615473 0.145855 1.623726 32.314137
0.564663 -0.624224 1.788581 40.088145 0.189768 5.596060 0.452193 79.874048
0.541463 -0.138590 1.679904 29.201596 0.210629 5.940251 0.387527 80.450140
0.588659 0.359371 1.572256 34.593482 0.588659 0.359371 1.572256 34.593482
0.522604 -0.179616 1.693405 28.925434 0.548956 -0.226557 1.705472 30.704780
0.511513 0.062924 1.633937 27.265164 0.490338 0.046364 1.637161 26.221386
0.618016 -0.279942 1.716150 34.155412 0.183737 6.151676 0.333051 80.770959
0.619488 0.072864 1.638484 31.954180 0.205153 5.455448 0.482375 79.620000
0.619765 0.038551 1.646551 31.838725 0.251003 5.042830 0.574907 78.797198
0.622589 0.121732 1.627407 32.390166 0.655868 -0.202055 1.698238 34.461279
0.536199 -0.414484 1.747716 34.126356 0.218342 5.662863 0.442694 79.992719
0.543543 0.069054 1.636346 28.718858 0.605125 -0.488640 1.762420 37.875154
0.520987 -0.342442 1.722355 31.941628 0.506742 -0.544398 1.765793 36.639835
0.554457 -0.062092 1.666325 29.158145 0.525892 -0.064509 1.666521 27.916142
0.551062 -0.736950 1.816521 42.620203 0.650206 -0.437803 1.745728 38.091526
0.568077 0.025523 1.648589 29.624711 0.602054 -0.152212 1.687742 31.840179
0.484785 -0.147413 1.689961 26.871412 0.491070 -0.179910 1.697064 27.609066
0.602674 0.022025 1.654118 31.093194 0.484139 -0.256180 1.713623 28.711278
0.426603 0.109971 1.634607 23.775868 0.429702 0.136088 1.629254 24.262833
0.538311 0.094161 1.627299 28.655891 0.536672 0.118432 1.622226 28.792527
0.469889 0.234374 1.599090 27.703836 0.480112 0.223820 1.601664 27.911043
0.531476 -0.265948 1.715730 30.723115 0.524277 -0.652930 1.800503 39.941720
0.562899 0.277147 1.590595 32.105295 0.528039 0.200241 1.606596 29.454777
0.567746 0.900248 1.457389 46.784691 0.574826 0.274320 1.595456 32.494179
0.555593 0.418969 1.558318 34.832451 0.561052 0.404549 1.561405 34.671324
0.496374 -0.468865 1.757912 34.325437 0.500974 -0.607312 1.788747 38.212491
0.744766 0.062100 1.644664 36.772611 0.612408 0.127412 1.628071 32.026886
0.508719 -0.330605 1.721383 31.245511 0.539033 -0.518468 1.762034 36.793103
0.707974 -0.057337 1.674100 35.385870 0.475940 0.135299 1.629933 26.326096
0.496822 -0.311969 1.723506 30.397955 0.548843 -0.008218 1.656503 28.762563
0.614489 -0.698077 1.806741 42.922970 0.642763 -0.436585 1.748530 37.847687
0.390222 -0.178361 1.694509 23.221853 0.376597 -0.351318 1.733188 27.249539
0.547567 -0.013130 1.654428 28.710592 0.204995 5.530561 0.465269 79.757771
0.693844 -0.057482 1.665804 34.846444 0.583297 -0.198098 1.694437 31.633810
0.532801 -0.085587 1.670988 28.352675 0.532801 -0.085587 1.670988 28.352675
0.437806 -0.065069 1.668607 23.874878 0.143256 6.506875 0.257230 81.265021
0.606886 0.436489 1.558827 36.779990 0.157827 6.434291 0.276677 81.168536
0.522951 -0.765034 1.822161 42.820972 0.598224 -0.168347 1.695263 31.859302
0.571610 0.221505 1.608393 31.509446 0.571610 0.221505 1.608393 31.509446
0.498298 -0.633394 1.800220 38.865628 0.533830 -0.583100 1.789675 38.328383
0.471903 0.133281 1.623167 26.121624 0.443821 -0.002281 1.651740 23.932954
0.462831 0.069631 1.643412 25.081474 0.531988 -0.320295 1.728202 31.838915
0.524643 0.002604 1.652461 27.683704 0.225622 4.571636 0.671134 77.675995
0.465922 -0.283960 1.724337 28.618376 0.444613 -0.303528 1.728178 28.295345
0.630064 -0.219165 1.701812 33.707021 0.608132 -0.498868 1.764039 38.187559
0.566091 0.186364 1.608962 30.794039 0.542264 0.034248 1.641481 28.517184
0.417277 -0.242058 1.710749 25.752782 0.427423 -0.548724 1.778073 34.820501
0.508390 0.215537 1.605447 28.907137 0.296586 3.194990 0.965618 72.690348
0.510752 -0.155552 1.690144 28.098366 0.246953 4.522627 0.687903 77.549877
0.519316 -0.099328 1.675577 27.866763 0.471790 -0.172432 1.690333 26.670987
0.563065 -0.179895 1.692138 30.587533 0.557828 -0.231825 1.702957 31.135419
0.652043 0.102393 1.636066 33.426138 0.671787 0.012288 1.655919 33.897113
0.525175 -0.028914 1.666026 27.743054 0.561455 -0.144041 1.692116 30.098205
0.629580 -0.065644 1.664361 32.333526 0.645127 -0.144618 1.681700 33.470200
0.566898 -0.247402 1.712313 31.738090 0.187759 5.797804 0.420453 80.218988
0.658219 -0.675086 1.803416 43.315541 0.547373 -0.644566 1.796954 40.218710
0.488394 -0.062131 1.668239 26.212394 0.520608 -0.300532 1.721136 31.011141
0.544922 -0.063925 1.666066 28.751777 0.553303 -0.264275 1.710736 31.515654
0.469935 0.184401 1.616821 26.785528 0.526979 -0.268435 1.717296 30.600436
0.495792 0.035979 1.649694 26.431785 0.483006 0.045886 1.647441 25.881763
0.652408 0.170542 1.613306 33.992960 0.696079 -0.041685 1.660000 34.889061
0.591561 -0.259775 1.707942 32.865950 0.595801 -0.278177 1.712007 33.326579
0.524842 0.124600 1.621039 28.343755 0.522073 0.205413 1.604542 29.293716
0.609972 -0.066406 1.671512 31.532278 0.230712 5.588023 0.460351 79.862536
0.699454 -0.367993 1.734249 38.321132 0.493572 0.059373 1.640212 26.433380
0.394139 -0.006046 1.656677 21.513647 0.374230 -0.093884 1.675436 21.097922
0.458757 -0.280172 1.717401 28.260037 0.237349 4.550012 0.682671 77.620935
0.510917 -0.052537 1.668916 27.185522 0.515935 -0.081709 1.675277 27.581015
0.302015 -0.758258 1.822410 39.221022 0.184841 5.547950 0.461338 79.787879
0.607092 -0.081506 1.671200 31.489089 0.316092 4.005296 0.793468 76.023328
0.535943 -0.115368 1.683090 28.732426 0.576634 -0.273516 1.718547 32.546628
0.686297 0.109939 1.625134 34.801097 0.668051 0.016251 1.644410 33.752759
0.682971 -0.303793 1.726059 36.777696 0.402233 1.237386 1.392582 52.455270
0.593441 -0.392474 1.738576 35.431209 0.607158 -0.453030 1.751944 37.145620
0.401058 -0.510177 1.769542 32.981307 0.381283 -0.540063 1.775656 33.468441
0.511244 -0.338288 1.727105 31.509656 0.484187 -0.364457 1.732962 31.216896
0.625083 -0.005774 1.657679 32.009893 0.617080 -0.047958 1.666564 31.755072
0.333112 -0.967279 1.867881 45.652255 0.474313 -0.381598 1.733102 31.331429
0.526174 0.025380 1.651522 27.779616 0.164181 5.917699 0.388705 80.412129
0.527399 0.056348 1.641367 27.941505 0.508050 -0.078145 1.669284 27.204274
0.492487 0.295030 1.594566 29.859957 0.584449 -0.233326 1.713878 32.182296
0.556305 -0.360634 1.727899 33.543283 0.561288 -0.374119 1.730791 34.001371
0.505869 0.263202 1.596665 29.693714 0.544475 0.246860 1.602187 30.871965
0.548480 -0.100791 1.678158 29.146850 0.548480 -0.100791 1.678158 29.146850
0.518404 0.170847 1.620537 28.627079 0.183634 5.515478 0.470078 79.729025
0.502854 -0.037764 1.660057 26.760443 0.201804 5.761151 0.422183 80.158833
0.577143 0.255608 1.599232 32.260627 0.202663 6.205316 0.325726 80.850165
0.516009 0.261983 1.595280 30.058210 0.514192 0.041448 1.644393 27.287383
0.596831 -0.377727 1.734583 35.234252 0.614474 -0.576902 1.778319 40.125820
0.469667 0.092190 1.635761 25.577146 0.185424 5.426969 0.489240 79.565465
0.633063 0.238740 1.600508 34.081636 0.277132 4.612709 0.661440 77.789355
0.647348 0.008415 1.651245 32.919119 0.313148 4.381767 0.712259 77.175842
0.593834 -0.080608 1.674481 30.933414 0.487856 -0.314845 1.722130 30.140726
0.590322 -0.257835 1.703632 32.788543 0.591195 -0.269533 1.706937 33.013317
0.462919 -0.029699 1.660061 24.885183 0.176856 5.337588 0.507218 79.394306
0.457426 0.021914 1.647510 24.605441 0.457426 0.021914 1.647510 24.605441
0.553150 -0.054031 1.669516 29.064536 0.553150 -0.054031 1.669516 29.064536
0.469598 -0.090596 1.670880 25.559794 0.426890 -0.204916 1.694621 25.338718
0.448961 0.345622 1.578305 29.535310 0.457565 0.297186 1.588826 28.617133
0.472902 -0.333832 1.726058 30.064886 0.526061 -0.044941 1.661911 27.833027
0.561917 -0.147992 1.687604 30.159968 0.567531 -0.158273 1.690172 30.506050
0.608983 -0.342446 1.735817 34.940574 0.619745 -0.405382 1.749716 36.521910
0.547930 -0.459874 1.755746 35.577657 0.228952 4.812905 0.621416 78.275280
0.608557 -0.024715 1.658074 31.343861 0.577800 -0.018500 1.656343 30.032033
0.550710 -0.094273 1.672060 29.192996 0.254521 4.549675 0.675664 77.622491
0.576917 -0.092223 1.676226 30.295264 0.578137 -0.039404 1.665240 30.091367
0.504036 0.176406 1.616426 28.102862 0.301308 3.671730 0.865324 74.813620
0.650273 0.125906 1.622046 33.518475 0.620971 -0.011350 1.650831 31.843357
0.443120 0.063005 1.637779 24.112201 0.485860 -0.191963 1.694789 27.582912
0.537706 -0.235981 1.707241 30.421865 0.264333 4.338597 0.723354 77.043825
0.594841 -0.678403 1.807971 42.058567 0.420045 -0.454754 1.758554 31.760133
0.525455 0.004090 1.655514 27.720616 0.529795 0.102729 1.634689 28.354068
0.502230 0.103213 1.631802 27.145401 0.193132 5.786478 0.415788 80.200527
0.457109 0.506172 1.539578 34.294963 0.457835 0.587917 1.521893 36.691896
0.384761 -0.584674 1.786067 34.988847 0.382075 -0.519027 1.771858 32.801463
0.528789 -0.234805 1.707212 30.052682 0.190886 5.676567 0.435577 80.014653
0.485234 -0.383354 1.739105 31.732417 0.481977 -0.360200 1.734430 31.035447
0.667762 0.143455 1.620877 34.332991 0.706248 -0.018111 1.656676 35.240437
0.544069 -0.046731 1.665706 28.637731 0.583196 -0.233030 1.706779 32.130005
0.469382 -0.427003 1.745768 32.397082 0.471996 -0.353424 1.729622 30.525788
0.594316 0.107315 1.626634 31.128924 0.592844 0.076047 1.633176 30.866820
0.386604 -0.059935 1.673958 21.366544 0.464543 -0.126493 1.686858 25.708822
0.613704 0.498306 1.543426 38.327503 0.560458 0.334442 1.577746 33.130849
0.566152 -0.199633 1.698264 30.977149 0.185667 5.482041 0.476174 79.667918
