0.449825 0.535837 1.497304 34.977284 0.479511 0.174866 1.600959 27.039787
0.356149 0.376380 1.514260 27.392017 0.300786 0.322761 1.512806 23.806506
0.326304 0.087400 1.584382 18.665264 0.253779 -0.086867 1.611860 15.015247
0.206911 -0.823284 1.784497 40.327483 0.125888 -1.042369 1.815591 46.395629
0.327037 0.231338 1.542175 21.830433 0.331090 0.189962 1.553678 20.892620
0.230554 0.235184 1.518491 18.228943 0.340734 0.180984 1.563243 21.097467
0.390337 -0.106351 1.651893 22.026593 0.434734 0.119960 1.604937 24.274494
0.527276 0.885929 1.435026 45.873508 0.377239 0.706659 1.434456 38.696367
0.233678 -0.176121 1.625869 16.310293 0.191771 -0.513837 1.699127 28.742834
0.179980 -0.290489 1.640988 18.866655 0.188457 -0.203370 1.620304 15.496764
0.308995 -0.128002 1.635815 18.492971 0.293241 -0.286227 1.672994 22.282627
0.267780 0.128972 1.554248 16.553018 0.366065 0.246722 1.550147 23.818901
0.297249 -0.187713 1.644679 19.369561 0.204282 0.002220 1.568611 11.546329
0.171085 -0.080579 1.582470 10.708791 0.091275 -0.261770 1.607374 15.494772
0.464434 0.253883 1.577324 27.892119 0.469654 0.267003 1.575563 28.379948
0.201991 0.295550 1.493986 19.696388 0.223522 0.093250 1.553041 13.614499
0.210088 0.141528 1.536459 14.214714 0.126659 -0.172143 1.597201 12.063698
0.307156 -0.026582 1.607044 17.134752 0.305890 -0.187056 1.648578 19.725338
0.290962 -0.137051 1.629674 17.829038 0.381675 0.301524 1.539871 25.938621
0.190996 -0.502681 1.700040 28.268852 0.072432 -1.067984 1.810325 46.948495
0.286729 0.174460 1.551055 18.553462 0.251045 0.081725 1.565864 14.789358
0.165315 0.128073 1.526359 11.811549 0.300361 0.225753 1.540239 20.593218
0.403742 0.052528 1.615514 22.153445 0.356694 0.271105 1.545575 24.133676
0.186989 0.019677 1.562820 10.648519 0.217373 -0.012594 1.580437 12.283703
0.223732 -0.243798 1.640786 18.309268 0.287091 -0.118379 1.626388 17.251634
0.344016 -0.337221 1.697655 25.721549 0.327360 -0.087201 1.625075 18.715079
0.293017 -0.446672 1.711143 28.111375 0.316773 -0.368419 1.697866 25.914120
0.215867 -0.046950 1.587348 12.457354 0.228330 -0.265921 1.648969 19.315427
0.280390 0.061374 1.576084 16.015004 0.269589 0.015466 1.585127 15.111282
0.451821 0.389393 1.544920 30.814550 0.408079 0.249582 1.566523 25.564159
0.211236 -0.528613 1.711431 29.650960 0.225877 -0.521874 1.711787 29.625101
0.319235 -0.089158 1.621878 18.337837 0.331616 -0.364528 1.698341 26.233978
0.214285 -0.120881 1.608468 13.821911 0.135947 -0.352689 1.646474 20.705732
0.260279 -0.156392 1.630081 16.890927 0.221668 -0.371633 1.677488 23.399178
0.305420 0.488655 1.473804 29.952736 0.337011 0.423162 1.500776 28.411813
0.311361 0.350950 1.513223 25.134133 0.298230 0.150470 1.563765 18.471366
0.255246 0.463932 1.469237 27.901769 0.207159 0.139351 1.539645 14.018294
0.383051 0.091276 1.600880 21.493325 0.335093 -0.046126 1.622825 18.688238
0.259993 -0.116078 1.615332 15.893183 0.203023 -0.344594 1.660203 21.799152
0.264869 0.232599 1.527821 19.417702 0.162775 0.097896 1.537360 10.754956
0.316527 -0.055641 1.619389 17.816358 0.330932 -0.136410 1.646135 19.694502
0.442077 0.567536 1.491790 35.731072 0.437952 0.522428 1.500945 34.282767
0.280252 0.105119 1.564532 16.663389 0.291599 0.627018 1.430233 34.664119
0.361647 0.545134 1.474425 33.192150 0.347512 0.378931 1.513392 27.210086
0.268786 0.068461 1.579122 15.502304 0.257234 -0.153884 1.633657 16.686065
0.368187 0.376534 1.517629 27.772639 0.366829 0.438162 1.500450 29.745592
0.456707 -0.418308 1.750776 31.770950 0.471443 0.087914 1.623546 25.620956
0.475916 0.318431 1.570140 29.796357 0.451676 0.235496 1.584073 26.993463
0.242363 0.198074 1.527456 17.380465 0.212348 -0.084206 1.596723 12.867572
0.473989 0.139992 1.613234 26.299946 0.506497 0.409439 1.552423 33.075803
0.240959 0.029976 1.572540 13.648217 0.184669 -0.313129 1.645158 19.977595
0.316429 0.450761 1.486860 28.843255 0.343744 0.367372 1.517373 26.707533
0.190319 0.025932 1.562938 10.872784 0.349933 0.406949 1.507368 28.223016
0.361318 -0.971380 1.873438 46.024098 0.344817 -0.621116 1.778422 35.390392
0.351725 0.178545 1.568686 21.526652 0.304847 0.012773 1.595428 16.967692
0.378970 0.545044 1.477275 33.578029 0.437053 0.576080 1.487676 35.870967
0.315677 0.053943 1.588418 17.757784 0.254196 0.097659 1.561372 15.232870
0.343684 -0.091743 1.637097 19.581388 0.350264 -0.138494 1.651634 20.638928
0.246357 0.299864 1.505206 21.210498 0.283136 0.022014 1.587705 15.854024
0.251178 -0.345860 1.673754 23.144067 0.316728 -0.330550 1.689942 24.598239
0.543029 -0.161794 1.715767 29.536740 0.469871 -0.338496 1.737979 30.075207
0.242182 0.177356 1.542449 16.708627 0.180608 -0.100398 1.598766 11.675106
0.260720 -0.019279 1.597257 14.651029 0.234586 -0.127473 1.617421 14.948320
0.143124 -0.313090 1.637415 18.996160 0.223580 -0.517478 1.713168 29.410496
0.425929 0.085494 1.611630 23.481318 0.381719 -0.068562 1.638152 21.197675
0.169688 0.440682 1.450897 25.277765 0.141934 0.298388 1.478871 18.284824
0.210425 0.150016 1.533582 14.489680 0.213227 -0.083135 1.595787 12.890772
0.302616 -0.284381 1.677567 22.551654 0.286776 0.001118 1.598864 16.001723
0.206810 0.066982 1.559888 12.264543 0.229800 0.007849 1.581748 12.949148
0.247300 0.383577 1.483775 24.531292 0.289677 0.190597 1.549342 19.124294
0.160983 0.029364 1.559341 9.293449 0.368715 0.287612 1.546317 25.061877
0.339692 0.047548 1.595503 18.932171 0.352180 -0.019537 1.617227 19.428826
0.334235 0.128243 1.575487 19.697016 0.327878 0.202694 1.554353 21.080255
0.390160 0.301246 1.545936 26.239815 0.373936 0.362104 1.525286 27.498159
0.354390 0.511778 1.481325 31.902342 0.321173 0.474869 1.481891 29.824885
0.330734 -0.111060 1.634431 19.233018 0.392881 0.436091 1.506910 30.411529
0.219004 -0.125949 1.608824 14.178430 0.197158 -0.275703 1.643477 18.723784
0.338388 0.212380 1.553343 21.777429 0.350188 0.201406 1.559906 21.997477
0.254005 0.221474 1.529601 18.623846 0.273273 0.212135 1.537118 19.082934
0.344928 -0.087077 1.636151 19.582976 0.431328 -0.105289 1.665303 23.940879
